0 8 26 7 13 31 15 99 1 65 10 89 46 5 0 16 82 19 2 
1 8 26 7 13 31 15 99 1 65 10 89 46 5 0 3 81 17 32 16 6 34 2 
2 8 26 7 13 31 15 99 1 65 16 5 82 19 2 62 23 43 4 0 10 30 
3 26 3 24 27 54 8 2 0 1 10 5 30 16 4 
4 3 81 8 17 10 32 7 13 0 16 44 1 4 21 30 
5 3 81 8 17 10 32 7 13 0 26 24 27 54 2 16 44 1 4 21 30 5 
6 26 3 24 27 54 8 2 0 16 13 44 1 4 21 30 10 5 
7 26 3 24 27 54 8 2 0 65 7 11 5 1 74 16 13 44 4 21 30 
8 16 1 6 34 10 3 2 0 26 24 27 54 8 5 82 19 13 44 4 21 30 
9 1 16 5 82 19 2 8 62 23 43 4 0 10 30 
