0 0.4 0.44 0.32 0.27 0.44 0.44 0.05 0.11 0.16 0.04 0.4 0.16 0.03 0.2 0.01 0.12 0.27 0.5 
1 0.4 0.44 0.32 0.27 0.44 0.44 0.05 0.11 0.16 0.04 0.4 0.16 0.03 0.2 0.26 0.04 0.37 0.15 0.01 0.06 0.31 0.5 
2 0.4 0.44 0.32 0.27 0.44 0.44 0.05 0.11 0.16 0.01 0.03 0.12 0.27 0.5 0.27 0.22 0.47 0.05 0.2 0.04 0.46 
3 0.44 0.26 0.23 0.14 0.39 0.4 0.5 0.2 0.11 0.04 0.03 0.46 0.01 0.05 
4 0.26 0.04 0.4 0.37 0.04 0.15 0.32 0.27 0.2 0.01 0.44 0.11 0.05 0.33 0.46 
5 0.26 0.04 0.4 0.37 0.04 0.15 0.32 0.27 0.2 0.44 0.23 0.14 0.39 0.5 0.01 0.44 0.11 0.05 0.33 0.46 0.03 
6 0.44 0.26 0.23 0.14 0.39 0.4 0.5 0.2 0.01 0.27 0.44 0.11 0.05 0.33 0.46 0.04 0.03 
7 0.44 0.26 0.23 0.14 0.39 0.4 0.5 0.2 0.16 0.32 0.2 0.03 0.11 0.12 0.01 0.27 0.44 0.05 0.33 0.46 
8 0.01 0.11 0.06 0.31 0.04 0.26 0.5 0.2 0.44 0.23 0.14 0.39 0.4 0.03 0.12 0.27 0.27 0.44 0.05 0.33 0.46 
9 0.11 0.01 0.03 0.12 0.27 0.5 0.4 0.27 0.22 0.47 0.05 0.2 0.04 0.46 
